_viz_0 = nengo_gui.components.Value(input_node)
_viz_config[_viz_0].synapse = 0.01
_viz_config[_viz_0].max_value = 1
_viz_config[_viz_0].min_value = -1
_viz_config[_viz_0].legend_labels = [u'label_0', u'label_1']
_viz_config[_viz_0].height = 0.1629017445451698
_viz_config[_viz_0].label_visible = True
_viz_config[_viz_0].width = 0.14298301394290336
_viz_config[_viz_0].show_legend = False
_viz_config[_viz_0].y = 0.8517149220489982
_viz_config[_viz_0].x = 0.26492468480685627
_viz_1 = nengo_gui.components.Value(pes_ens)
_viz_config[_viz_1].synapse = 0.01
_viz_config[_viz_1].max_value = 1
_viz_config[_viz_1].min_value = -1
_viz_config[_viz_1].legend_labels = [u'label_0', u'label_1']
_viz_config[_viz_1].height = 0.16258351893095768
_viz_config[_viz_1].label_visible = True
_viz_config[_viz_1].width = 0.14298300049903634
_viz_config[_viz_1].show_legend = False
_viz_config[_viz_1].y = 0.851956547182759
_viz_config[_viz_1].x = 0.6023727111862368
_viz_2 = nengo_gui.components.Slider(input_node)
_viz_config[_viz_2].label_visible = True
_viz_config[_viz_2].width = 0.04405286343612335
_viz_config[_viz_2].x = 0.05397441313319167
_viz_config[_viz_2].y = 0.8380337354494362
_viz_config[_viz_2].max_value = 1
_viz_config[_viz_2].min_value = -1
_viz_config[_viz_2].height = 0.15812914196260788
_viz_ace_editor = nengo_gui.components.AceEditor()
_viz_net_graph = nengo_gui.components.NetGraph()
_viz_sim_control = nengo_gui.components.SimControl()
_viz_config[_viz_sim_control].kept_time = 4.0
_viz_config[_viz_sim_control].shown_time = 0.5
_viz_config[input_node].pos=(0.1511627906976744, 0.5)
_viz_config[input_node].size=(0.09302325581395349, 0.08)
_viz_config[model].pos=(0.09777252540021411, -0.2186318122608521)
_viz_config[model].size=(1, 1)
_viz_config[model].expanded=True
_viz_config[model].has_layout=True
_viz_config[pes_ens].pos=(0.6018539923198503, 0.4942728904945018)
_viz_config[pes_ens].size=(0.12510980627333854, 0.07992355244727888)
_viz_config[pes_ens].expanded=True
_viz_config[pes_ens].has_layout=True
_viz_config[pes_ens.ensemble].pos=(0.5067280964364359, 0.5813816859013021)
_viz_config[pes_ens.ensemble].size=(0.09803921568627451, 0.10416666666666666)
_viz_config[pes_ens.error].pos=(0.12745098039215685, 0.1875)
_viz_config[pes_ens.error].size=(0.07843137254901959, 0.08333333333333333)
_viz_config[pes_ens.input].pos=(0.12745098039215685, 0.7916666666666666)
_viz_config[pes_ens.input].size=(0.07843137254901959, 0.08333333333333333)
_viz_config[pes_ens.output].pos=(0.872549019607843, 0.48958333333333326)
_viz_config[pes_ens.output].size=(0.07843137254901959, 0.08333333333333333)